4294967278,187
4294967279,368
4294967279,365
4294967279,411
4294967279,88
110,4
4294967294,1443
33,2
11,2
4294967278,179
136,4
4294967279,180
136,5
4294967294,1448
4294967278,176
4294967279,362
4294967278,282
4294967279,138
4294967279,410
145,5
145,4
135,6
135,5
135,4
133,5
133,4
4294967279,175
138,6
138,5
138,4
4294967294,489
144,10
144,9
144,8
144,7
144,6
144,5
144,4
4294967294,1447
4294967294,1423
4294967294,490
4294967279,171
102,2
33,5
33,4
4294967279,409
11,7
11,6
11,5
11,4
4294967279,165
237,12
237,0
237,11
237,5
237,10
4294967279,298
237,9
4294967279,295
237,8
237,7
4294967279,294
4294967279,226
4294967294,1419
4294967294,1420
4294967294,1422
4294967279,290
104,10
104,0
4294967279,253
4294967279,289
4294967279,408
4294967279,349
4294967279,288
4294967279,348
104,9
4294967279,347
4294967279,344
4294967279,375
4294967279,407
4294967279,287
4294967279,340
4294967279,333
4294967278,515
4294967279,406
4294967279,328
4294967278,295
104,8
104,1
104,7
104,2
4294967278,2
4294967279,360
4294967278,512
4294967278,383
4294967279,278
4294967279,317
4294967278,382
4294967278,381
4294967279,315
4294967278,380
4294967279,247
4294967279,271
4294967279,239
4294967278,379
4294967279,314
4294967278,378
4294967279,447
4294967279,2
4294967279,446
4294967279,346
4294967278,377
4294967293,131
4294967293,130
4294967293,129
4294967293,128
4294967293,127
4294967293,126
4294967293,125
4294967293,124
4294967293,123
4294967293,122
4294967293,121
4294967293,120
4294967293,119
4294967293,118
4294967293,117
4294967293,116
4294967293,115
4294967293,114
4294967293,113
4294967293,112
4294967293,111
4294967293,110
4294967293,109
4294967293,108
4294967293,107
4294967293,106
4294967293,105
4294967293,104
4294967293,103
4294967293,102
4294967293,101
4294967293,100
4294967293,99
4294967293,98
4294967293,97
4294967293,96
4294967293,95
4294967293,94
4294967293,93
4294967293,92
4294967293,91
4294967293,90
4294967293,89
4294967293,87
4294967293,86
4294967293,85
4294967293,84
4294967293,83
4294967293,82
4294967293,81
4294967293,80
4294967293,79
4294967293,78
4294967293,77
4294967293,76
4294967293,75
4294967293,74
4294967293,73
4294967293,72
4294967293,71
4294967293,70
4294967293,69
4294967293,68
4294967293,67
4294967293,66
4294967293,65
4294967293,64
4294967293,63
4294967293,62
4294967293,61
4294967293,60
4294967293,59
4294967293,58
4294967293,57
4294967293,56
4294967293,55
4294967293,54
4294967293,53
4294967293,52
4294967293,51
4294967293,50
4294967293,49
4294967293,48
4294967293,47
4294967293,46
4294967293,45
4294967293,44
4294967293,43
4294967293,42
4294967293,41
4294967293,40
4294967293,39
4294967293,38
4294967293,37
4294967293,36
4294967293,35
4294967293,34
4294967293,33
4294967293,32
4294967293,31
4294967293,30
4294967293,29
4294967293,28
4294967293,27
4294967293,26
4294967293,25
4294967293,24
4294967293,23
4294967293,22
4294967293,21
4294967293,20
4294967293,19
4294967293,18
4294967293,17
4294967293,16
4294967293,15
4294967293,14
4294967293,13
4294967293,12
4294967293,11
4294967293,10
4294967293,9
4294967293,8
4294967293,7
4294967293,6
4294967293,5
4294967293,4
4294967293,3
4294967278,132
4294967278,131
4294967278,123
4294967278,122
4294967278,120
4294967278,119
4294967278,113
4294967278,111
4294967279,123
4294967279,121
4294967279,114
4294967279,112
4294967279,111
4294967279,109
4294967279,106
4294967279,223
4294967279,221
4294967279,103
4294967278,376
4294967278,102
4294967279,445
4294967279,101
4294967278,100
4294967279,100
4294967278,375
4294967278,98
4294967278,95
4294967279,95
4294967278,374
4294967279,92
4294967279,309
4294967278,91
4294967279,402
4294967279,90
4294967278,89
4294967279,89
4294967279,87
4294967279,307
4294967279,84
4294967278,83
4294967279,306
4294967278,80
4294967279,80
4294967279,444
4294967278,78
4294967279,78
4294967279,443
4294967279,74
4294967279,442
4294967279,70
4294967279,302
4294967278,69
4294967279,68
4294967278,67
4294967278,66
4294967279,66
4294967279,300
4294967279,63
4294967278,62
4294967279,299
4294967279,371
4294967278,537
4294967279,59
4294967278,57
4294967279,57
4294967278,56
4294967279,55
4294967279,297
4294967279,54
4294967278,52
4294967278,49
4294967279,49
4294967278,47
4294967279,47
4294967278,46
4294967279,46
4294967278,45
4294967279,45
4294967279,44
4294967279,43
4294967279,293
4294967279,42
4294967279,292
4294967279,39
4294967279,332
4294967279,37
4294967278,36
4294967279,36
4294967279,34
4294967279,33
4294967278,31
4294967278,28
4294967279,28
4294967278,277
4294967278,26
4294967279,26
4294967278,25
4294967279,25
4294967278,24
4294967279,24
4294967279,23
4294967278,21
4294967279,281
4294967278,18
4294967278,272
4294967279,327
4294967278,16
4294967278,271
4294967279,16
4294967278,15
4294967278,294
4294967279,15
4294967279,14
4294967278,13
4294967278,326
4294967279,261
4294967278,7
4294967278,278
4294967278,540
4294967278,5
4294967278,283
4294967279,257
26,2
4294967279,275
104,6
104,5
104,4
102,6
102,5
102,4
77,2
26,5
26,4
4294967279,321
78,2
77,6
77,5
77,4
45,2
4294967278,126
4294967278,255
4294967278,125
4294967278,124
4294967278,335
4294967278,333
4294967278,116
4294967278,114
4294967278,110
4294967278,329
4294967278,332
4294967278,105
4294967278,219
4294967278,104
4294967278,217
4294967278,103
4294967278,101
4294967278,99
4294967278,94
4294967278,93
4294967278,92
4294967278,90
4294967278,81
4294967278,330
4294967278,79
4294967278,338
4294967278,334
4294967278,73
4294967278,71
4294967278,70
4294967278,68
4294967278,60
4294967278,58
4294967278,331
4294967278,336
4294967278,55
4294967278,50
4294967278,48
4294967278,328
4294967278,42
4294967278,40
4294967278,39
4294967278,37
4294967278,260
4294967278,29
4294967278,27
4294967278,19
4294967278,337
4294967278,280
4294967278,10
4294967278,8
4294967278,6
4294967278,4
4294967279,404
4294967279,126
4294967279,125
4294967279,122
4294967279,119
4294967279,405
4294967279,116
4294967279,113
4294967279,110
4294967279,105
4294967279,219
4294967279,104
4294967279,174
4294967279,215
4294967279,102
4294967279,403
4294967279,94
4294967279,93
4294967279,91
4294967279,86
4294967279,82
4294967279,81
4294967279,79
4294967279,77
4294967279,76
4294967279,72
4294967279,71
4294967279,69
4294967279,61
4294967279,60
4294967279,58
4294967279,401
4294967279,53
4294967279,52
4294967279,51
4294967279,50
4294967279,48
4294967279,41
4294967279,40
4294967279,38
4294967279,35
4294967279,32
4294967279,31
4294967279,30
4294967279,29
4294967279,400
4294967279,27
4294967279,272
4294967279,21
4294967279,19
4294967279,17
4294967279,260
4294967279,399
4294967279,10
4294967279,8
4294967279,277
4294967279,7
4294967279,6
4294967279,5
4294967279,4
45,5
45,4
4294967279,124
78,4
4294967294,1446
4294967294,1427
4294967278,112
4294967279,441
4294967279,120
4294967278,115
4294967278,239
237,6
237,4
237,3
237,2
237,1
4294967278,235
4294967278,373
4294967278,109
4294967279,108
4294967279,227
4294967279,224
89,4
4294967278,220
4294967279,440
4294967278,372
4294967278,371
4294967278,370
4294967279,439
4294967279,99
4294967294,407
4294967294,422
